Date,Open,High,Low,Close,Volume,MA5,MA20
2019-12-20,9.8300,9.8300,9.8000,9.8000,34301,,
2019-12-27,9.8200,9.8500,9.8100,9.8500,23558,,
2020-01-03,9.9800,9.9800,9.8100,9.8600,20261,,
2020-01-10,9.8600,9.9000,9.8600,9.8600,33537,,
2020-01-17,9.8600,9.8800,9.8500,9.8670,37200,9.8474,
2020-01-24,9.8700,9.8900,9.8300,9.8500,15579,9.857399999999998,
2020-01-31,9.8700,9.8800,9.8580,9.8600,11852,9.859399999999999,
2020-02-07,9.8600,10.0600,9.8600,10.0100,52063,9.8894,
2020-02-14,10.0200,10.0500,9.9100,10.0100,25885,9.9194,
2020-02-21,10.0100,10.0100,10.0100,10.0100,5140,9.947999999999999,
2020-02-28,10.0100,10.0100,9.8400,9.9500,457104,9.968,
2020-03-06,9.9500,9.9500,9.9100,9.9100,125,9.978,
2020-03-13,9.9100,9.9100,9.9000,9.9000,527,9.956,
2020-03-20,9.9000,9.9000,9.9000,9.9000,150011,9.934000000000001,
2020-03-27,9.4500,9.5600,9.4500,9.5600,11500,9.844,
2020-04-03,9.7500,9.8000,9.7500,9.7900,2150,9.812000000000001,
2020-04-09,9.8400,9.8500,9.8100,9.8100,21452,9.792,
2020-04-17,9.8100,9.9000,9.8100,9.9000,3700,9.792000000000002,
2020-04-24,9.9000,9.9000,9.9000,9.9000,425,9.792,
2020-05-01,9.9000,9.9100,9.9000,9.9100,239675,9.862,9.875350000000001
2020-05-08,9.9100,9.9100,9.9100,9.9100,0,9.886,9.880849999999999
2020-05-15,9.9100,9.9100,9.9100,9.9100,7220,9.906,9.883849999999999
2020-05-22,9.9000,9.9000,9.8900,9.8900,6651,9.904,9.88535
2020-05-29,9.8900,9.9100,9.8800,9.9100,3192,9.906,9.88785
2020-06-05,9.9100,9.9200,9.9000,9.9200,13513,9.908000000000001,9.8905
2020-06-12,9.9200,9.9400,9.9000,9.9400,36599,9.914,9.895
2020-06-19,9.9400,10.0000,9.9100,10.0000,19455,9.932,9.902
2020-06-26,10.0000,10.0100,9.9300,9.9300,241,9.940000000000001,9.898
2020-07-02,9.9900,9.9900,9.9900,9.9900,499,9.956,9.897
2020-07-10,10.1600,10.1600,10.0800,10.1400,118804,10.0,9.9035
2020-07-17,10.1400,10.1900,10.0200,10.1900,27275,10.05,9.9155
2020-07-24,10.1900,10.1900,10.1010,10.1900,12094,10.088,9.9295
2020-07-31,10.2000,10.2000,10.1000,10.1000,35883,10.122,9.939499999999999
2020-08-07,10.1500,10.2000,10.1000,10.1010,24649,10.144200000000001,9.949549999999999
2020-08-14,10.1010,10.1010,10.0500,10.0800,17896,10.132200000000001,9.97555
2020-08-21,10.0800,10.1217,10.0500,10.0850,41215,10.1112,9.990300000000001
2020-08-28,10.0500,10.1600,10.0500,10.0600,188696,10.0852,10.0028
2020-09-04,10.1000,10.1500,10.0300,10.0600,127006,10.077200000000001,10.0108
2020-09-11,10.1000,10.1500,10.0300,10.0300,61241,10.062999999999999,10.0173
2020-09-18,10.1000,10.1500,10.0000,10.0650,185977,10.06,10.02505
2020-09-25,10.0600,10.1000,10.0000,10.0500,222637,10.053,10.03205
2020-10-02,10.0600,10.1000,9.9100,10.0400,89321,10.049,10.03855
2020-10-09,10.0400,10.1279,10.0200,10.0259,58695,10.042179999999998,10.045345
2020-10-16,10.0382,10.0650,9.9450,9.9950,546073,10.03518,10.049595
2020-10-23,10.0300,10.0300,9.9700,10.0300,17752,10.028179999999999,10.055095
2020-10-30,9.9700,10.0400,9.9600,10.0000,71744,10.01818,10.058095
2020-11-06,9.9890,10.0000,9.9700,9.9900,105838,10.00818,10.057595000000001
2020-11-13,10.0500,10.0531,9.9900,10.0450,132347,10.012,10.063345
2020-11-20,10.0200,10.1000,10.0100,10.0300,60069,10.019,10.065344999999999
2020-11-27,10.0300,10.1500,10.0300,10.1100,30990,10.035,10.063845
2020-12-04,10.1400,10.2900,10.0700,10.1200,60055,10.059000000000001,10.060345
2020-12-11,10.1900,10.2499,10.1000,10.2000,45759,10.100999999999999,10.060845
2020-12-18,10.2609,10.2800,10.1302,10.2301,52622,10.13802,10.067350000000001
2020-12-24,10.1998,10.2650,10.1600,10.2650,25122,10.18502,10.07555
2020-12-31,10.3000,10.3100,10.2000,10.3100,125267,10.22502,10.08705
2021-01-08,10.2800,10.3500,10.2101,10.2400,210975,10.24902,10.0948
2021-01-15,10.2200,10.4900,10.2200,10.3000,234582,10.269020000000001,10.1068
2021-01-22,10.3000,10.4900,10.2500,10.3850,148207,10.3,10.12305
2021-01-29,10.4700,10.5000,10.0900,10.2600,141576,10.299000000000001,10.134549999999999
2021-02-05,10.2200,10.5999,10.1500,10.3600,115024,10.309000000000001,10.1493
2021-02-12,10.3600,11.5500,10.1600,10.3200,4306543,10.325,10.1628
2021-02-19,10.2900,10.3500,10.2301,10.2500,510475,10.315000000000001,10.1733
2021-02-26,10.2400,10.2900,10.1200,10.1800,605929,10.274,10.181005
2021-03-05,10.2000,10.2100,10.1200,10.1900,540951,10.26,10.190755
2021-03-12,10.1600,10.2000,10.1577,10.1600,754929,10.219999999999999,10.197255
2021-03-19,10.1600,10.4800,10.1500,10.1600,396144,10.187999999999999,10.205255
2021-03-26,10.1500,10.2100,10.0500,10.2100,335550,10.18,10.216255
2021-04-01,10.1600,10.2100,10.1200,10.1600,150238,10.175999999999998,10.222005
2021-04-09,10.1750,10.1800,10.1600,10.1800,78004,10.174000000000001,10.229505
2021-04-16,10.1700,10.1900,10.1600,10.1800,116422,10.178,10.233005
2021-04-23,10.1700,10.1900,10.1401,10.1900,1024618,10.184000000000001,10.236505000000001
2021-04-30,10.1800,10.2000,10.1700,10.1800,490268,10.178,10.235505
2021-05-07,10.1800,10.1900,10.1017,10.1500,309731,10.176,10.2315
2021-05-14,10.1250,10.1700,10.1000,10.1600,93812,10.172,10.226249999999999
2021-05-21,10.1500,10.1600,10.1100,10.1400,48435,10.163999999999998,10.217749999999999
2021-05-28,10.1200,10.1500,10.1000,10.1400,44962,10.154,10.21275
2021-06-04,10.1500,10.1800,10.1400,10.1700,55300,10.152,10.20625
2021-06-11,10.1600,10.2100,10.1600,10.2100,58251,10.164,10.197500000000002
2021-06-18,10.1600,10.2100,10.1600,10.2000,120385,10.172,10.194500000000001
2021-06-25,10.1850,10.2100,10.1600,10.1900,263744,10.181999999999999,10.186
2021-07-02,10.1900,10.2100,10.1600,10.2100,51212,10.196,10.1805
2021-07-09,10.2000,10.2100,10.1600,10.1700,122088,10.196000000000002,10.1765
2021-07-16,10.1850,10.2100,10.1800,10.2000,49643,10.193999999999999,10.1775
2021-07-23,10.2000,10.2100,10.1753,10.2100,327363,10.196,10.1785
2021-07-30,10.2100,10.2100,9.8400,10.1400,114039,10.186,10.1775
2021-08-06,10.0461,10.2100,9.5800,9.8300,60817,10.11,10.161
2021-08-13,9.6300,25.3000,7.7001,12.9500,4400554,10.666,10.298
2021-08-20,11.5000,12.9600,6.8800,7.9900,1729919,10.224,10.189499999999999
2021-08-27,7.6800,8.4400,6.0000,6.2000,918465,9.422,9.9905
2021-09-03,6.4000,7.4727,6.0500,6.8700,412592,8.768,9.825
2021-09-10,6.7500,16.5199,6.3800,11.0000,9716097,9.002,9.8655
2021-09-17,11.0000,25.7800,7.5900,17.6900,70046399,9.95,10.241000000000001
2021-09-24,15.0000,41.8800,13.5000,19.4800,57588703,12.248,10.7075
2021-10-01,19.6100,21.2999,12.3200,12.5800,7896807,13.524000000000001,10.828500000000002
2021-10-08,12.2000,13.5800,10.5500,10.8300,2949003,14.315999999999999,10.863
2021-10-15,10.5700,15.4000,10.0300,12.2400,10536237,14.563999999999998,10.968
2021-10-22,11.7600,13.7000,9.8600,10.4400,4265659,13.113999999999999,10.9815
2021-10-29,10.4349,10.6700,9.4100,10.2100,1295828,11.26,10.9815
2021-11-05,10.1900,11.5000,9.8100,10.2000,2690067,10.784,10.9815
2021-11-12,10.2800,10.7600,9.7500,10.6800,874076,10.754,11.006
2021-11-19,10.8000,12.1000,9.4700,9.5900,2593268,10.224,10.975
2021-11-26,9.6700,9.7400,8.2701,8.8300,584716,9.902,10.908
2021-12-03,9.3000,9.4900,7.2600,7.9300,1508747,9.446,10.7945
2021-12-10,7.8300,8.6900,7.3400,7.6500,1038196,8.936000000000002,10.666500000000001
2021-12-17,7.5600,9.3700,5.8624,6.1600,9505369,8.032,10.4675
2021-12-23,6.0900,6.7600,5.8300,6.5100,994370,7.4159999999999995,10.3015
2021-12-31,6.4300,6.6300,5.4115,5.4900,635429,6.748,9.9285
2022-01-07,5.5400,6.0937,5.0600,5.3700,320001,6.236000000000001,9.797500000000001
2022-01-14,5.4900,6.4000,5.0750,5.3000,1800568,5.766,9.7525
2022-01-21,5.2900,5.3000,4.0000,4.0000,427414,5.3340000000000005,9.608999999999998
2022-01-28,3.8800,3.8800,2.8000,3.1500,597405,4.662000000000001,9.2165
2022-02-04,3.1900,4.0800,3.0000,4.0300,25961420,4.37,8.5335
2022-02-11,4.0300,4.4200,3.2910,3.3700,1990310,3.9699999999999998,7.728
2022-02-18,3.3000,3.5200,2.7500,2.8400,1229845,3.478,7.241
2022-02-25,2.8000,3.0075,2.4000,2.8500,252348,3.2479999999999998,6.8420000000000005
2022-03-04,2.8400,3.1800,2.7000,3.0000,322123,3.218,6.38
2022-03-11,3.0400,3.3200,2.6900,3.1000,558588,3.032,6.013
2022-03-18,3.0400,3.2000,2.7800,2.9800,429077,2.9539999999999997,5.6515
2022-03-25,3.1600,3.6600,2.7400,2.9700,5822043,2.9799999999999995,5.29
2022-04-01,2.9700,3.5000,2.8100,3.3500,4982016,3.08,4.9235
2022-04-08,3.4000,3.4000,2.6000,2.7700,2230326,3.034,4.5825
2022-04-14,2.7200,2.9000,2.6500,2.6600,608496,2.946,4.273999999999999
2022-04-22,2.5400,2.6100,1.6400,1.7600,1618149,2.702,3.9655
2022-04-29,1.6800,1.7600,1.4600,1.5400,612166,2.416,3.66
2022-05-06,1.6900,1.7600,1.2600,1.3100,1184013,2.008,3.4174999999999995
2022-05-13,1.2300,1.2700,1.0400,1.1400,975591,1.682,3.149
2022-05-20,1.2500,1.2699,1.0400,1.1900,898409,1.388,2.934
2022-05-27,1.2000,1.3300,1.1000,1.1200,568490,1.2600000000000002,2.7215
2022-06-03,1.1200,1.2500,0.9101,0.9879,1268155,1.14958,2.5058949999999998
2022-06-10,0.9700,1.2200,0.7600,0.7842,58103139,1.04442,2.3451049999999998
2022-06-17,0.7295,0.9899,0.6400,0.8300,18409312,0.98242,2.2291049999999997
2022-06-24,0.8800,0.9399,0.6900,0.7862,9166561,0.90166,2.066915
2022-07-01,0.8086,0.8178,0.6300,0.6700,4628526,0.81166,1.931915
2022-07-08,0.6788,0.6820,0.6100,0.6552,2232834,0.74512,1.8226749999999998
2022-07-15,0.6500,0.7298,0.5320,0.6266,8339030,0.7136,1.7115050000000003
2022-07-22,0.6001,0.7500,0.5900,0.6104,12854891,0.6696799999999999,1.592025
2022-07-29,0.6375,0.6375,0.4812,0.4866,7323917,0.60976,1.461355
2022-08-05,0.4697,0.8000,0.4503,0.7501,18962715,0.62578,1.34986
2022-08-12,1.0900,2.3900,1.0100,1.2700,474119853,0.7487400000000001,1.26486
2022-08-19,1.6100,1.6100,0.9474,0.9620,78669869,0.8158200000000001,1.1454600000000001
2022-08-26,0.8948,1.0300,0.7025,0.7184,16657967,0.83742,1.04288
2022-09-02,0.7000,0.7487,0.6100,0.6500,15966937,0.8701000000000001,0.9423800000000002
2022-09-09,0.6400,0.6900,0.5421,0.6250,7449728,0.84508,0.8856300000000001
2022-09-16,0.6500,0.6600,0.4890,0.5144,6718888,0.6939599999999999,0.83435
2022-09-23,0.5080,0.5200,0.4154,0.4332,5889576,0.5882,0.79051
2022-09-30,0.4251,0.4587,0.3500,0.3531,4107068,0.51514,0.7511650000000001
2022-10-07,0.3600,0.3859,0.3176,0.3190,4451280,0.44894,0.707615
2022-10-14,0.3284,0.3284,0.2390,0.2622,10249193,0.37638,0.664725
2022-10-21,0.2800,0.5300,0.2500,0.2751,89403828,0.32852000000000003,0.629085
2022-10-28,0.2900,0.4300,0.2610,0.3150,65761286,0.30488,0.605625
2022-11-04,0.3118,0.3140,0.2050,0.2226,25105122,0.27878,0.575255
2022-11-11,0.2230,0.2290,0.1654,0.2105,25286667,0.25708000000000003,0.54647
2022-11-18,0.2105,0.2195,0.1715,0.1777,27253711,0.24018,0.5218550000000001
2022-11-25,0.1883,0.2699,0.1500,0.2300,151389392,0.23115999999999998,0.500595
2022-12-02,0.2893,0.3334,0.1935,0.2330,341519387,0.21476,0.480915
2022-12-09,0.2215,0.2320,0.1824,0.2080,72891197,0.21183999999999997,0.46079499999999995
2022-12-16,0.1955,0.1985,0.1555,0.1601,66800861,0.20176000000000002,0.44447000000000003
2022-12-23,0.1457,0.1930,0.1355,0.1520,73918043,0.19662,0.4145650000000001
2022-12-30,0.1490,0.1496,0.1105,0.1305,64894776,0.17672,0.35759
2023-01-06,0.1305,0.1420,0.1202,0.1283,59509566,0.15578,0.315905
2023-01-13,0.1288,0.1743,0.1250,0.1443,111768455,0.14304,0.2872
2023-01-19,0.1440,0.1449,0.1129,0.1231,58898807,0.13564,0.260855
